Date-time: 05/09/2022 19:02:35, Elapsed time: 17.927157878875732s
Date-time: 06/09/2022 14:08:05, Elapsed time: 52.53384280204773s
Date-time: 06/09/2022 14:09:17, Elapsed time: 49.70082092285156s
